Cost function:
dx = T.min([abs(y[0]-self.y_pred[0]),(2*pi - abs(y[0]-self.y_pred[0]))])
dy = T.min([abs(y[1]-self.y_pred[1]),(2*pi - abs(y[1]-self.y_pred[1]))])
dz = T.min([abs(y[2]-self.y_pred[2]),(2*pi - abs(y[2]-self.y_pred[2]))])
Error_rotation = np.sqrt(np.add( np.add(T.pow(dx, 2),T.pow(dy, 2)),T.pow(dz, 2))) *alpha

Error_translation = np.linalg.norm(t0,2) *beta

Truth & Prediction = [r,p,y,x,y,z] 
E_test & E_validation = mean(sum_{objects}(Error_translation,Error_rotation))

batch_size = 6
nkerns = (5,5,5,5,5,5)




alpha = 0.031
beta = 0.010


Error_rotatation = [ 0.06551041,  0.10565018,  0.06464281,  0.08935596,  0.01823603, 0.07752283, 0.07650292,  0.01346228,  0.08710399,  0.06163161,  0.020929  , 0.05407034, 0.05387921,  0.06218306,  0.04366507,  0.0591513 ,  0.09514785, 0.02846546, 0.04979189,  0.08125935,  0.0223031 ,  0.05497631,  0.05000898, 0.0776881 , 0.03188288,  0.07737592,  0.05449744,  0.03099701,  0.09585494, 0.09214795]

Error_translation = [0.00161421,  0.00094163,  0.00176469,  0.00187749,  0.00203536, 0.00172838, 0.00138747,  0.00239442,  0.00226645,  0.00149057,  0.000819  , 0.0005872,  0.00391277,  0.00102549,  0.00262592,  0.00083178,  0.00107831, 0.00166585 ,0.0010539 ,  0.0022245 ,  0.00088594,  0.00060329,  0.00164433, 0.00075625, 0.00099703,  0.00043957,  0.00188202,  0.00125207,  0.00060152, 0.00187476]


alpha = 0.031
beta = 0.005
E_validation = 0.31
E_test = 0.36

Error_rotation = [0.06490812,  0.10471486,  0.0633009 ,  0.08865412,  0.01821916, 0.07705617,
0.07560281,  0.01409103,  0.08734576,  0.06187733,  0.02023523, 0.0547294 ,
0.05349714,  0.06255794,  0.04302349,  0.0602527 ,  0.09573054, 0.02788955,
0.0491251 ,  0.08188782,  0.02167599,  0.05410499,  0.04933697, 0.07808381,
0.03256553,  0.07852329,  0.05523496,  0.03200639,  0.09655628, 0.09272493]


Error_translation=[0.00080866,  0.00046479,  0.00092777,  0.00093328,  0.00104424, 0.00085922,
0.00068868,  0.00119768,  0.00113905,  0.00077219,  0.00043399, 0.00031397,
0.00195613,  0.00051018,  0.00131742,  0.00040122,  0.00056282, 0.00081996,
0.0005586 ,  0.00110536,  0.00046603,  0.00028753,  0.00083369, 0.00038876,
0.00052572,  0.00020208,  0.0009617 ,  0.00059685,  0.00033274, 0.00093571]



Truth = [ 3.20237494,  0.06400073,  2.30814552,  0.14950882,  0.15288863, 0.10196986],
        [ 1.4962815 ,  1.11429787,  3.04501367, -0.03018048,  0.00760316, 0.16937281],
        [ 1.52327764, -0.09149267,  2.02129483, -0.02324203, -0.01334943, 0.07698418],
        [ 2.83512664,  0.02157028,  3.18625236,  0.23071676,  0.01374802, 0.20540941],
        [ 3.29806471,  0.43123576,  0.27056035, -0.12870719, -0.03201172, 0.08691307],
        [ 1.28226805, -0.19165997,  1.68964076, -0.00951653,  0.1627582 , 0.15526608],
        [ 1.69486678,  0.13723315,  2.55956388, -0.02969525,  0.14731577, 0.27360645],
        [ 3.24254656, -0.19519353,  6.10505676,  0.1686652 ,  0.23313211, 0.12350775],
        [ 1.06324589, -0.40871465,  4.71238899,  0.29605311,  0.01722607, 0.10943174],
        [ 1.53179061,  0.48469865,  1.61664402,  0.05015687, -0.04701423, 0.32727155],
        [ 2.96625948, -0.02401254,  0.89352739, -0.01691592,  0.01844881, 0.09961261],
        [ 3.21658492,  0.15022776,  4.78238153,  0.06006435, -0.02318963, 0.09993417],
        [ 4.09204054,  0.21086666,  1.61104584,  0.16942352,  0.3958436 , 0.13507065],
        [ 1.72147715,  0.4010053 ,  4.90033484,  0.13902733,  0.06927016, 0.24607773],
        [ 3.14105535,  0.08558877,  1.59969854,  0.08346866,  0.26988855, 0.07316582],
        [ 3.3325398 , -0.20825651,  4.85756254,  0.04224706,  0.10888622, 0.29669848],
        [ 1.53022718, -0.76479465,  3.83714628,  0.085224  ,  0.00661125, 0.14962263],
        [ 3.15388083,  0.12279039,  1.08951771,  0.21213175,  0.07696865, 0.19448686],
        [ 3.14220905,  0.15285809,  1.79276514, -0.00813344,  0.01350332, 0.04802794],
        [ 3.34662223, -0.21276352,  3.87553263,  0.09310684,  0.23418219, 0.16335575],
        [ 3.24070382,  0.03506372,  0.90754813,  0.06868058,  0.0213296 , 0.04179497],
        [ 2.61369085,  0.05754739,  2.08631897,  0.06554502,  0.07183455, 0.28916571],
        [ 1.66147935,  0.44124532,  1.3403976 , -0.01634325, -0.06036489, 0.11768839],
        [ 2.04305029, -0.72934049,  4.3265729 ,  0.08689494, -0.05733427, 0.12169901],
        [  3.16461802e+00,  -6.37857197e-03,   5.46084929e+00, 2.01245467e-03,   2.86890194e-03,   5.48463389e-02],
        [  4.52994299e+00,  -1.48327023e-01,   4.93998957e+00, 1.63796563e-02,   3.65640819e-02,   2.78411865e-01],
        [  3.11340618e+00,   1.59221776e-02,   4.75387096e+00, -6.61767498e-02,   8.87525007e-02,   3.00668292e-02],
        [  3.51355624e+00,  -3.69479090e-01,   5.69686508e+00, -1.38566252e-02,   8.40403810e-02,   2.29298979e-01],
        [  2.91791701e+00,  -7.81696022e-01,   3.49914265e+00, 1.02351680e-01,   1.64494477e-02,   1.03483617e-01],
        [  3.67127109e+00,  -1.90545589e-01,   3.54448938e+00, 1.02509916e-01,   1.99186862e-01,   1.43669114e-01]


Prediction =  [ 3.27400064, -0.11422637,  0.22859594,  0.07418169,  0.01386272, 0.13597457],
              [ 2.97017646, -0.11867002,  0.27027881,  0.06144325,  0.02147773, 0.16770476],
              [ 2.70762801, -0.13878863,  0.34511623,  0.04715702,  0.03693918, 0.23888658],
              [ 2.67276621, -0.13105676,  0.32946336,  0.04624427,  0.03321046, 0.22095543],
              [ 3.07637262, -0.11370736,  0.24425176,  0.06506999,  0.01799277, 0.14767492],
              [ 3.27481318, -0.11625243,  0.23166618,  0.07445256,  0.01409718, 0.14014348]
              [ 2.69733334, -0.13758956,  0.34263772,  0.0455107 ,  0.0370355 , 0.23648047],
              [ 3.09215856, -0.11517336,  0.24743226,  0.06633281,  0.01833739, 0.15115738],
              [ 3.19120789, -0.11761036,  0.24202147,  0.07117406,  0.01581868, 0.14873928],
              [ 2.90186882, -0.12488589,  0.29484078,  0.05691637,  0.02724294, 0.19188277],
              [ 2.97635126, -0.11072221,  0.25002667,  0.0585102 ,  0.0179365 , 0.14515547],
              [ 3.11896706, -0.11541962,  0.24674383,  0.06753981,  0.01736496, 0.14908488],
              [ 3.08810759, -0.11552821,  0.24661021,  0.06549272,  0.01880965, 0.15155961],
              [ 2.57030439, -0.14160039,  0.36484247,  0.04098134,  0.04094828, 0.25479242],
              [ 3.20223904, -0.1139754 ,  0.23303947,  0.07130562,  0.01520327, 0.13945456],
              [ 2.60826468, -0.14114067,  0.36035129,  0.04314832,  0.04005377, 0.25178477],
              [ 2.66734004, -0.14094716,  0.35408697,  0.04436963,  0.03877046, 0.24720514],
              [ 3.23173738, -0.11350542,  0.22932461,  0.07218573,  0.01429634, 0.13695261],
              [ 3.0515182 , -0.10944113,  0.23644342,  0.06307337,  0.01514386, 0.13618764],
              [ 3.20575428, -0.11372288,  0.23235786,  0.07116508,  0.01557437, 0.13912423],
              [ 3.21549463, -0.11276549,  0.2288108 ,  0.07178837,  0.01469973, 0.13555448],
              [ 2.71449351, -0.14000914,  0.34654772,  0.04790213,  0.0371393 , 0.24320149],
              [ 2.7650249 , -0.13802195,  0.33997911,  0.04896451,  0.03549523, 0.2352349 ],
              [ 3.11959052, -0.11237462,  0.23619823,  0.06585714,  0.01557675, 0.14006178],
              [ 3.23317122, -0.1122844 ,  0.22526518,  0.07240286,  0.0134522 , 0.13297018],
              [ 2.67258143, -0.14131287,  0.35428095,  0.04567798,  0.03861408, 0.2486887 ],
              [ 3.08214378, -0.11542973,  0.25119928,  0.0656258 ,  0.01871451, 0.1524231 ],
              [ 2.98312593, -0.11804438,  0.26487607,  0.06120732,  0.01997055, 0.16340007],
              [ 3.05089688, -0.11763944,  0.25875548,  0.0636513 ,  0.02045296, 0.1594373 ],
              [ 3.25836015, -0.11429048,  0.22869356,  0.07346973,  0.01447491, 0.13727936],






alpha = 0.01
beta = 0.005
E_test = 0.12
E_validation = 0.10

Error_rotation = [ 0.042482  ,  0.06789909,  0.03996503,  0.05688059,  0.01138339, 0.05118231 0.0481061 ,  0.00861163, 
0.05705959,  0.04014909,  0.01373251,   0.03478906, 0.03398872,  0.04041611,  0.02836129,  0.03977245,  0.06174512,
0.01865111,  0.03242663,  0.05234724,  0.01461148,  0.03438289,  0.03101267, 0.0501699 , 0.02019605,  0.0514826 ,  0.03512875,  
0.02047767,  0.06187186, 0.05921184],

Error_translation = [ 0.00080912,  0.00045563,  0.00093579,  0.00093819,  0.00101727, 0.00086724,
0.0006837 ,  0.00120739,  0.00112652,  0.00077456,  0.00034203, 0.00028914,0.00195226,  0.00050752,  0.00131457,
0.00039484,  0.00058094, 0.0008289 , 0.00046354,  0.00110761,  0.00041739,  0.00024847,  0.00085298, 0.00039129,
 0.00047018,  0.00019557,  0.00093765,  0.00057452,  0.00030255, 0.00093364],



Truth = [ 3.20237494,  0.06400073,  2.30814552,  0.14950882,  0.15288863, 0.10196986],
        [ 1.4962815 ,  1.11429787,  3.04501367, -0.03018048,  0.00760316, 0.16937281],
        [ 1.52327764, -0.09149267,  2.02129483, -0.02324203, -0.01334943, 0.07698418],
        [ 2.83512664,  0.02157028,  3.18625236,  0.23071676,  0.01374802, 0.20540941],
        [ 3.29806471,  0.43123576,  0.27056035, -0.12870719, -0.03201172, 0.08691307],
        [ 1.28226805, -0.19165997,  1.68964076, -0.00951653,  0.1627582 , 0.15526608],
        [ 1.69486678,  0.13723315,  2.55956388, -0.02969525,  0.14731577, 0.27360645],
        [ 3.24254656, -0.19519353,  6.10505676,  0.1686652 ,  0.23313211, 0.12350775],
        [ 1.06324589, -0.40871465,  4.71238899,  0.29605311,  0.01722607, 0.10943174],
        [ 1.53179061,  0.48469865,  1.61664402,  0.05015687, -0.04701423, 0.32727155],
        [ 2.96625948, -0.02401254,  0.89352739, -0.01691592,  0.01844881, 0.09961261],
        [ 3.21658492,  0.15022776,  4.78238153,  0.06006435, -0.02318963, 0.09993417],
        [ 4.09204054,  0.21086666,  1.61104584,  0.16942352,  0.3958436 , 0.13507065],
        [ 1.72147715,  0.4010053 ,  4.90033484,  0.13902733,  0.06927016, 0.24607773],
        [ 3.14105535,  0.08558877,  1.59969854,  0.08346866,  0.26988855, 0.07316582],
        [ 3.3325398 , -0.20825651,  4.85756254,  0.04224706,  0.10888622, 0.29669848],
        [ 1.53022718, -0.76479465,  3.83714628,  0.085224  ,  0.00661125, 0.14962263],
        [ 3.15388083,  0.12279039,  1.08951771,  0.21213175,  0.07696865, 0.19448686]
        [ 3.14220905,  0.15285809,  1.79276514, -0.00813344,  0.01350332, 0.04802794],
        [ 3.34662223, -0.21276352,  3.87553263,  0.09310684,  0.23418219, 0.16335575],
        [ 3.24070382,  0.03506372,  0.90754813,  0.06868058,  0.0213296 , 0.04179497],
        [ 2.61369085,  0.05754739,  2.08631897,  0.06554502,  0.07183455, 0.28916571],
        [ 1.66147935,  0.44124532,  1.3403976 , -0.01634325, -0.06036489, 0.11768839],
        [ 2.04305029, -0.72934049,  4.3265729 ,  0.08689494, -0.05733427, 0.12169901],
        [  3.16461802e+00,  -6.37857197e-03,   5.46084929e+00, 2.01245467e-03,   2.86890194e-03,   5.48463389e-02],
        [  4.52994299e+00,  -1.48327023e-01,   4.93998957e+00, 1.63796563e-02,   3.65640819e-02,   2.78411865e-01],
        [  3.11340618e+00,   1.59221776e-02,   4.75387096e+00,-6.61767498e-02,   8.87525007e-02,   3.00668292e-02],
        [  3.51355624e+00,  -3.69479090e-01,   5.69686508e+00,-1.38566252e-02,   8.40403810e-02,   2.29298979e-01],
        [  2.91791701e+00,  -7.81696022e-01,   3.49914265e+00, 1.02351680e-01,   1.64494477e-02,   1.03483617e-01],
        [  3.67127109e+00,  -1.90545589e-01,   3.54448938e+00, 1.02509916e-01,   1.99186862e-01,   1.43669114e-01]



Prediction  = [ 3.33676577, -0.10293128,  0.194884  ,  0.0743194 ,  0.01254498, 0.13090767],
              [ 2.98908949, -0.11533518,  0.25480917,  0.06022017,  0.01787397, 0.16424385],
              [ 2.65207911, -0.15402722,  0.37359771,  0.04995744,  0.03781784, 0.24145922],
              [ 2.58573174, -0.14604712,  0.35814166,  0.04599525,  0.03203419, 0.23282847],
              [ 3.11166143, -0.10370578,  0.21537632,  0.06196703,  0.01574559, 0.13941002],
              [ 3.36927676, -0.11214724,  0.21074136,  0.07858557,  0.01378619, 0.1438776 ],
              [ 2.64964128, -0.15141439,  0.37082469,  0.04612863,  0.03890444, 0.23902619],
              [ 3.10042167, -0.10329335,  0.21779454,  0.0630905 ,  0.01664119, 0.14073926],
              [ 3.25733566, -0.11817697,  0.22949494,  0.07582041,  0.01511179, 0.15691841],
              [ 2.90957451, -0.12590471,  0.29046547,  0.05725713,  0.02681592, 0.19126971],
              [ 2.97113872, -0.09285118,  0.21037857,  0.04703299,  0.01018359, 0.12245411],
              [ 3.16890764, -0.10644768,  0.21894641,  0.06708837,  0.01495501, 0.14282711], 
              [ 3.15152264, -0.11106755,  0.23268889,  0.06461892,  0.02018306, 0.15373752],
              [ 2.47816277, -0.16121358,  0.404603  ,  0.04220808,  0.04187154, 0.25943121],
              [ 3.24098015, -0.10086789,  0.19750161,  0.06967208,  0.01359471, 0.13014808],
              [ 2.5397315 , -0.1605171 ,  0.39750475,  0.04515148,  0.04073416, 0.25691563],
              [ 2.59200931, -0.15905952,  0.38889524,  0.04569785,  0.04058452, 0.25346482],
              [ 3.3083446 , -0.10449509,  0.19837137,  0.07226541,  0.01207859, 0.13358036]
              [ 3.04308057, -0.09158175,  0.19303446,  0.05335049,  0.00800932, 0.11719537],
              [ 3.29217505, -0.10508496,  0.20692624,  0.07199721,  0.01529654, 0.13661335],
              [ 3.22168899, -0.09739974,  0.18933503,  0.06882904,  0.01345656, 0.12490013],
              [ 2.67118979, -0.16012359,  0.38197964,  0.05288858,  0.03864517, 0.25441238],
              [ 2.7141242 , -0.15336756,  0.36939901,  0.04796933,  0.0360836 , 0.24284773],
              [ 3.13006473, -0.10502753,  0.21621536,  0.0603562 ,  0.01401066, 0.1398585 ],
              [ 3.23194337, -0.09597521,  0.18122768,  0.06861474,  0.01052883, 0.12078715],
              [ 2.62875772, -0.16184805,  0.39215884,  0.04969272,  0.03999142, 0.25820425],
              [ 3.10797358, -0.10532115,  0.22292493,  0.06396083,  0.01661436, 0.14420629],
              [ 2.99926519, -0.12226789,  0.26381391,  0.06163087,  0.01725136, 0.17412701],
              [ 3.07945442, -0.10697756,  0.23075068,  0.06059686,  0.01880507, 0.14721529],
              [ 3.35032034, -0.10621468,  0.20323975,  0.07474317,  0.01465437, 0.13700736]
