




Optimization complete. Best validation score of 0.275798 obtained at iteration 9760, with test performance 0.302551 



pred =  [-4.43886423,  0.03183589,  2.626122  , -0.04274321,  0.0175232 , 0.05595883],
        [-3.52824044,  0.39306572,  3.03925085, -0.03169538, -0.02302836, 0.1511966 ],
        [-3.04853678, -0.00520883, -0.77250308,  0.06346293,  0.06813338, 0.05818196],
        [-3.68438053, -0.14264224, -0.92921144,  0.12133722,  0.08580729, 0.24899237],
        [-3.03437138,  0.07537981,  1.11591423,  0.01230142,  0.01311209, 0.07400384]


truth = [  2.51067448e+00,  -1.86052740e-01, 1.46234906e+00, -2.68219076e-02, -1.62964929e-02,   9.47366580e-02],
        [  4.27414322e+00,   8.18176568e-01, 2.38543749e+00,  6.89403787e-02,  1.00098968e-01,   2.00554147e-01],
        [  3.14124513e+00,  -6.07401272e-03, 6.27974701e+00,  8.92157294e-03,  1.52908385e-01,   2.86240727e-02],
        [  4.58158159e+00,   8.17024708e-01, 1.42472625e+00,  2.11948931e-01,  1.13263644e-01,   1.58164978e-01],
        [  3.17396116e+00,  -9.87047050e-03, 4.78496790e+00, -1.13795782e-02,  2.50467565e-03,   6.24548867e-02]

eO = [ 0.04211746,  0.05293792,  0.0240162 ,  0.0999402 ,  0.08111437]

et =  [ 0.0002693 ,  0.00083253,  0.00052524,  0.00065601,  0.00014201]
